0.35960	0.44751
0.31141	0.41500
0.28305	0.39094
0.27072	0.37765
0.25633	0.36717
0.24308	0.36001
0.23510	0.35527
0.22572	0.35003
0.21710	0.34500
0.21141	0.34207
0.20610	0.33777
0.20488	0.33849
0.20234	0.33552
0.19485	0.33212
0.19042	0.33071
0.18745	0.33027
0.18239	0.32840
0.18150	0.32598
0.17762	0.32456
0.17716	0.32329
0.17338	0.32098
0.17258	0.32062
0.17013	0.31893
0.16704	0.31742
0.16473	0.32020
0.16186	0.31718
0.16028	0.31636
0.15896	0.31649
0.15946	0.31565
0.15823	0.31646
0.15589	0.31401
0.15862	0.31207
0.15676	0.31303
0.15394	0.31215
0.15209	0.31180
0.15200	0.31049
0.15238	0.31071
0.14925	0.30991
0.15227	0.30913
0.14796	0.31043
0.14756	0.30989
0.14653	0.30778
0.14522	0.30753
0.14307	0.30923
0.14231	0.30952
0.14180	0.31054
0.14084	0.30781
0.13922	0.31136
0.14266	0.30597
0.14608	0.30678
0.14148	0.30520
0.13936	0.30480
0.13890	0.30413
0.13771	0.30281
0.13708	0.30420
0.13713	0.30419
0.13788	0.30540
0.13397	0.30754
0.13685	0.30503
0.13342	0.30536
0.13446 NA
0.13508 NA
0.13539 NA
0.13345 NA
0.13173 NA
0.13195 NA
0.13108 NA
0.13133 NA
0.12971 NA
0.12890 NA
0.13344 NA
0.12923 NA
0.12775 NA
0.12744 NA
0.12769 NA
0.12720 NA
0.12670 NA
0.12605 NA
0.13008 NA
0.12712 NA
0.12550 NA
0.12727 NA
0.12561 NA
0.12501 NA
0.12323 NA
0.12352 NA
0.12175 NA
0.12159 NA
0.12221 NA
0.12267 NA
0.12091 NA
0.12156 NA
0.12130 NA
0.12211 NA
0.12382 NA
0.12234 NA
0.12080 NA
0.12008 NA
0.12003 NA
0.12026 NA
0.11931 NA
0.11860 NA
0.11758 NA
0.11961 NA
0.11745 NA
0.11807 NA
0.11846 NA
0.11625 NA
0.11642 NA
0.11743 NA
0.11642 NA
0.11598 NA
0.11702 NA
0.11630 NA
0.11535 NA
0.11483 NA
0.11481 NA
0.11405 NA
0.11496 NA
0.11387 NA
0.11465 NA
0.11377 NA
0.11415 NA
0.11487 NA
0.11425 NA
0.11420 NA
0.11133 NA
0.11294 NA
0.11203 NA
0.11185 NA
0.11231 NA
0.11152 NA
0.11342 NA
0.11345 NA
0.11230 NA
0.11428 NA
0.11322 NA
0.11384 NA
0.11011 NA
0.11025 NA
0.10946 NA
0.10862 NA
0.10990 NA
0.10890 NA
0.10936 NA
0.10882 NA
0.10896 NA
0.10787 NA
0.10788 NA
0.10937 NA
0.11006 NA
0.10772 NA
0.10839 NA
0.10687 NA
0.10681 NA
0.10607 NA
0.10760 NA
0.10815 NA
0.10732 NA
0.10726 NA
0.10765 NA
0.10701 NA
